===============================
[20001878 20001879 20001881 20001889 20001880 20001887 20001888 20001885 20001883 20001882 20001884 20001886 20001890 20001892 20001893 20000166 20001894 20001895 20001896 20001897 20001898 20001899 20001900 20001903 20001902 20001901 20001904 20001905 20001906 20001907 20001909 20000115 20001911 20001910 20001912 20001913 20001914 20001917 20001918 20000368 20001916 20001920 20001921 20001922 20001923 20000223 20001924 20001925 20001926]===============================
[20001923 20001878 20001926 20001907 20001889 20000166 20001879 20001918 20001916 20001882 20001880 20001887 20001881 20001900 20001903 20001886 20001905 20001895 20001883 20001893 20001892 20001890 20001898 20001897 20001920 20001896 20001885 20001894 20001884 20001906 20001925 20001904 20001911 20000223 20001910 20001912 20001888 20001902 20000115 20001924 20001901 20001917 20001921 20001899 20001914 20001913 20000368 20001909 20001922]
===============================
[20001922 20001909 20000368 20001923 20001878 20001907 20001913 20001926 20001879 20001889 20001918 20001880 20001914 20001916 20001881 20001900 20001899 20001905 20001921 20001883 20001893 20001917 20001890 20001901 20001924 20001920 20001896 20001885 20000115 20001902 20001912 20001888 20001925 20001910 20000223 20001911 20001904 20001906 20001884 20001894 20001897 20001898 20001892 20001895 20001903 20001886 20001887 20001882 20000166]
===============================
[20000166 20001882 20001892 20000223 20001887 20001886 20001922 20001897 20001878 20001907 20001903 20001880 20001889 20000368 20001879 20001895 20001914 20001918 20001900 20001921 20001923 20001916 20001899 20001917 20001898 20001901 20001905 20001885 20001913 20001883 20000115 20001920 20001896 20001924 20001893 20001909 20001904 20001926 20001910 20001894 20001906 20001884 20001888 20001902 20001925 20001890 20001881 20001911 20001912]
===============================
[20000223 20001894 20001892 20000166 20001906 20001923 20001902 20001897 20001887 20001882 20001880 20001903 20001907 20000368 20001884 20001926 20001878 20001910 20001895 20001889 20001886 20001904 20001914 20001916 20001898 20001900 20001921 20001885 20001881 20001918 20001913 20001901 20001905 20001893 20001924 20001888 20001917 20001920 20001883 20001896 20001899 20001879 20001909 20001922 20001925 20001890 20000115 20001911 20001912]
===============================
[20001911 20001893 20001900 20000166 20001894]
===============================
[20001922 20001911 20001893 20001900 20001899]
===============================
[20000166 20001922 20001923 20001882 20001900]
===============================
[20000223 20001902 20001923 20001885 20001906]